Problem no. No. of slns Trials      Expansions
1           1           1           0           
2           1           1           0           
3           1           1           0           
4           1           1           0           
5           1           1           0           
6           1           1           0           
7           1           1           0           
8           1           1           0           
9           1           7           3           
10          1           1           0           
11          1           5           2           
12          1           3           1           
13          1           5           2           
14          1           1           0           
15          1           5           2           
16          1           3           1           
17          1           3           1           
18          1           3           1           
19          1           7           3           
20          1           3           1           
21          1           5           2           
22          1           3           1           
23          1           3           1           
24          1           5           2           
25          1           3           1           
26          1           3           1           
27          1           17          8           
28          1           3           1           
29          1           9           4           
30          1           3           1           
31          1           9           4           
32          1           3           1           
33          1           3           1           
34          1           5           2           
35          1           13          6           
36          1           13          6           
37          1           11          5           
38          1           3           1           
39          1           11          5           
40          1           25          12          
41          1           23          11          
42          1           13          6           
43          1           7           3           
44          1           3           1           
45          1           1           0           
46          1           99          49          
47          1           3           1           
48          1           91          45          
49          1           15          7           
50          1           39          19          
51          1           13          6           
52          1           3           1           
53          1           3           1           
54          1           13          6           
55          1           3           1           
56          1           3           1           
57          1           3           1           
58          1           5           2           
59          1           3           1           
60          1           3           1           
61          1           121         60          
62          1           1           0           
63          1           1           0           
64          1           1           0           
65          1           1           0           
66          1           1           0           
67          1           3           1           
68          1           1           0           
69          1           5           2           
70          1           3           1           
71          1           9           4           
72          1           1           0           
73          1           3           1           
74          1           1           0           
75          1           3           1           
76          1           1           0           
77          1           1           0           
78          1           1           0           
79          1           1           0           
80          1           1           0           
81          1           1           0           
82          1           1           0           
83          1           1           0           
84          1           1           0           
85          1           1           0           
86          1           1           0           
87          1           1           0           
88          1           3           1           
89          1           1           0           
90          1           1           0           
91          1           3           1           
92          1           1           0           
93          1           3           1           
94          1           3           1           
95          1           1           0           
96          1           1           0           
97          1           3           1           
98          1           1           0           
99          1           9           4           
100         1           1           0           
101         1           1           0           
102         1           1           0           
103         1           1           0           
104         1           1           0           
105         1           1           0           
106         1           1           0           
107         1           1           0           
108         1           5           2           
109         1           7           3           
110         1           3           1           
111         1           1           0           
112         1           1           0           
113         1           1           0           
114         1           1           0           
115         1           3           1           
116         1           1           0           
117         1           1           0           
118         1           1           0           
119         1           1           0           
120         1           1           0           
121         1           1           0           
122         1           1           0           
123         1           1           0           
124         1           1           0           
125         1           1           0           
126         1           1           0           
127         1           11          5           
128         1           1           0           
129         1           1           0           
130         1           3           1           
131         1           1           0           
132         1           1           0           
133         1           1           0           
134         1           1           0           
135         1           1           0           
136         1           1           0           
137         1           1           0           
138         1           1           0           
139         1           5           2           
140         1           1           0           
141         1           1           0           
142         1           1           0           
143         1           1           0           
144         1           1           0           
145         1           1           0           
146         1           1           0           
147         1           1           0           
148         1           1           0           
149         1           1           0           
150         1           1           0           
151         1           5           2           
152         1           1           0           
153         1           1           0           
154         1           1           0           
155         1           1           0           
156         1           3           1           
157         1           1           0           
158         1           3           1           
159         1           3           1           
160         1           1           0           
161         1           1           0           
162         1           1           0           
163         1           1           0           
164         1           3           1           
165         1           11          5           
166         1           1           0           
167         1           15          7           
168         1           15          7           
169         1           3           1           
170         1           5           2           
171         1           1           0           
172         1           1           0           
173         1           3           1           
174         1           1           0           
175         1           5           2           
176         1           39          19          
177         1           5           2           
178         1           1           0           
179         1           21          10          
180         1           15          7           
181         1           1           0           
182         1           1           0           
183         1           15          7           
184         1           3           1           
185         1           1           0           
186         1           1           0           
187         1           1           0           
188         1           1           0           
189         1           17          8           
190         1           1           0           
191         1           3           1           
192         1           1           0           
193         1           3           1           
194         1           3           1           
195         1           1           0           
196         1           7           3           
197         1           1           0           
198         1           1           0           
199         1           1           0           
200         1           1           0           
201         1           3           1           
202         1           1           0           
203         1           1           0           
204         1           3           1           
205         1           1           0           
206         1           1           0           
207         1           1           0           
208         1           1           0           
209         1           19          9           
210         1           3           1           
211         1           3           1           
212         1           1           0           
213         1           1           0           
214         1           1           0           
215         1           1           0           
216         1           1           0           
217         1           1           0           
218         1           1           0           
219         1           1           0           
220         1           1           0           
221         1           1           0           
222         1           3           1           
223         1           1           0           
224         1           3           1           
225         1           1           0           
226         1           1           0           
227         1           1           0           
228         1           1           0           
229         1           1           0           
230         1           7           3           
231         1           1           0           
232         1           1           0           
233         1           1           0           
234         1           1           0           
235         1           1           0           
236         1           1           0           
237         1           1           0           
238         1           1           0           
239         1           1           0           
240         1           1           0           
241         1           1           0           
242         1           1           0           
243         1           1           0           
244         1           1           0           
245         1           1           0           
246         1           7           3           
247         1           1           0           
248         1           1           0           
249         1           1           0           
250         1           3           1           
251         1           3           1           
252         1           1           0           
253         1           1           0           
254         1           1           0           
255         1           3           1           
256         1           1           0           
257         1           1           0           
258         1           13          6           
259         1           9           4           
260         1           1           0           
261         1           1           0           
262         1           1           0           
263         1           1           0           
264         1           1           0           
265         1           1           0           
266         1           1           0           
267         1           1           0           
268         1           1           0           
269         1           1           0           
270         1           1           0           
271         1           1           0           
272         1           1           0           
273         1           1           0           
274         1           1           0           
275         1           1           0           
276         1           1           0           
277         1           1           0           
278         1           3           1           
279         1           1           0           
280         1           1           0           
281         1           1           0           
282         1           1           0           
283         1           3           1           
284         1           1           0           
285         1           1           0           
286         1           1           0           
287         1           1           0           
288         1           1           0           
289         1           1           0           
290         1           1           0           
291         1           1           0           
292         1           5           2           
293         1           1           0           
294         1           3           1           
295         1           1           0           
296         1           3           1           
297         1           5           2           
298         1           1           0           
299         1           1           0           
300         1           1           0           
301         1           1           0           
302         1           1           0           
303         1           5           2           
304         1           1           0           
305         1           7           3           
306         1           1           0           
307         1           1           0           
308         1           1           0           
309         1           5           2           
310         1           1           0           
311         1           1           0           
312         1           1           0           
313         1           1           0           
314         1           1           0           
315         1           1           0           
316         1           1           0           
317         1           1           0           
318         1           1           0           
319         1           1           0           
320         1           1           0           
321         1           1           0           
322         1           1           0           
323         1           1           0           
324         1           1           0           
325         1           3           1           
326         1           1           0           
327         1           1           0           
328         1           1           0           
329         1           1           0           
330         1           1           0           
331         1           1           0           
332         1           1           0           
333         1           1           0           
334         1           1           0           
335         1           1           0           
336         1           1           0           
337         1           1           0           
338         1           1           0           
339         1           1           0           
340         1           1           0           
341         1           1           0           
342         1           1           0           
343         1           9           4           
344         1           1           0           
345         1           1           0           
346         1           1           0           
347         1           7           3           
348         1           3           1           
349         1           3           1           
350         1           5           2           
351         1           3           1           
352         1           1           0           
353         1           1           0           
354         1           1           0           
355         1           1           0           
356         1           3           1           
357         1           1           0           
358         1           7           3           
359         1           1           0           
360         1           7           3           
361         1           3           1           
362         1           5           2           
363         1           3           1           
364         1           1           0           
365         1           3           1           
366         1           1           0           
367         1           3           1           
368         1           1           0           
369         1           1           0           
370         1           1           0           
371         1           1           0           
372         1           1           0           
373         1           1           0           
374         1           1           0           
375         1           1           0           
376         1           1           0           
377         1           1           0           
378         1           1           0           
379         1           3           1           
380         1           1           0           
381         1           1           0           
382         1           1           0           
383         1           1           0           
384         1           1           0           
385         1           1           0           
386         1           1           0           
387         1           1           0           
388         1           1           0           
389         1           1           0           
390         1           1           0           
391         1           1           0           
392         1           1           0           
393         1           1           0           
394         1           1           0           
395         1           1           0           
396         1           1           0           
397         1           1           0           
398         1           1           0           
399         1           1           0           
400         1           1           0           
401         1           1           0           
402         1           1           0           
403         1           1           0           
404         1           1           0           
405         1           1           0           
406         1           1           0           
407         1           1           0           
408         1           1           0           
409         1           3           1           
410         1           1           0           
411         1           1           0           
412         1           1           0           
413         1           1           0           
414         1           1           0           
415         1           1           0           
416         1           1           0           
417         1           1           0           
418         1           1           0           
419         1           1           0           
420         1           1           0           
421         1           1           0           
422         1           1           0           
423         1           1           0           
424         1           1           0           
425         1           1           0           
426         1           1           0           
427         1           1           0           
428         1           3           1           
429         1           1           0           
430         1           1           0           
431         1           5           2           
432         1           3           1           
433         1           1           0           
434         1           1           0           
435         1           3           1           
436         1           1           0           
437         1           5           2           
438         1           1           0           
439         1           1           0           
440         1           1           0           
441         1           9           4           
442         1           1           0           
443         1           3           1           
444         1           9           4           
445         1           1           0           
446         1           1           0           
447         1           1           0           
448         1           1           0           
449         1           13          6           
450         1           7           3           
451         1           1           0           
452         1           1           0           
453         1           1           0           
454         1           1           0           
455         1           1           0           
456         1           1           0           
457         1           1           0           
458         1           1           0           
459         1           1           0           
460         1           1           0           
461         1           1           0           
462         1           1           0           
463         1           1           0           
464         1           1           0           
465         1           1           0           
466         1           1           0           
467         1           1           0           
468         1           1           0           
469         1           1           0           
470         1           1           0           
471         1           1           0           
472         1           1           0           
473         1           1           0           
474         1           1           0           
475         1           1           0           
476         1           1           0           
477         1           1           0           
478         1           1           0           
479         1           1           0           
481         1           1           0           
482         1           1           0           
483         1           1           0           
484         1           1           0           
485         1           1           0           
486         1           1           0           
487         1           1           0           
488         1           1           0           
489         1           1           0           
490         1           1           0           
491         1           1           0           
492         1           1           0           
493         1           1           0           
494         1           1           0           
495         1           1           0           
496         1           1           0           
497         1           1           0           
498         1           1           0           
499         1           1           0           
500         1           1           0           
501         1           1           0           
502         1           1           0           
503         1           1           0           
504         1           1           0           
505         1           1           0           
506         1           1           0           
507         1           1           0           
508         1           1           0           
509         1           1           0           
510         1           1           0           
511         1           1           0           
512         1           1           0           
513         1           1           0           
514         1           1           0           
515         1           1           0           
516         1           1           0           
517         1           1           0           
518         1           1           0           
519         1           1           0           
520         1           1           0           
521         1           1           0           
522         1           1           0           
523         1           1           0           
524         1           1           0           
525         1           1           0           
526         1           1           0           
527         1           1           0           
528         1           1           0           
529         1           1           0           
530         1           1           0           
