Problem no. Trials      Expansions
1           1           0           
2           1           0           
3           1           0           
4           1           0           
5           1           0           
6           1           0           
7           1           0           
8           1           0           
9           5           2           
10          3           1           
11          5           2           
12          5           2           
13          11          5           
14          1           0           
15          5           2           
16          5           2           
17          3           1           
18          3           1           
19          5           2           
20          11          5           
21          3           1           
22          3           1           
23          9           4           
24          11          5           
25          3           1           
26          3           1           
27          7           3           
28          7           3           
29          7           3           
30          3           1           
31          3           1           
32          11          5           
33          3           1           
34          5           2           
35          7           3           
36          15          7           
37          27          13          
38          5           2           
39          7           3           
40          13          6           
41          23          11          
42          29          14          
43          11          5           
44          3           1           
45          3           1           
46          115         57          
47          3           1           
48          93          46          
49          27          13          
50          31          15          
51          13          6           
52          5           2           
53          5           2           
54          3           1           
55          5           2           
56          3           1           
57          3           1           
58          7           3           
59          5           2           
60          3           1           
61          35          17          
62          3           1           
63          1           0           
64          3           1           
65          1           0           
66          1           0           
67          3           1           
68          1           0           
69          5           2           
70          3           1           
71          13          6           
72          1           0           
73          5           2           
74          1           0           
75          11          5           
76          3           1           
77          1           0           
78          1           0           
79          3           1           
80          3           1           
81          1           0           
82          1           0           
83          1           0           
84          1           0           
85          1           0           
86          1           0           
87          1           0           
88          3           1           
89          3           1           
90          1           0           
91          7           3           
92          1           0           
93          3           1           
94          3           1           
95          1           0           
96          1           0           
97          3           1           
98          3           1           
99          15          7           
100         5           2           
101         1           0           
102         1           0           
103         1           0           
104         1           0           
105         1           0           
106         3           1           
107         1           0           
108         5           2           
109         29          14          
110         3           1           
111         1           0           
112         1           0           
113         1           0           
114         1           0           
115         5           2           
116         1           0           
117         1           0           
118         1           0           
119         1           0           
120         1           0           
121         1           0           
122         1           0           
123         1           0           
124         1           0           
125         1           0           
126         1           0           
127         7           3           
128         1           0           
129         1           0           
130         3           1           
131         1           0           
132         1           0           
133         1           0           
134         1           0           
135         1           0           
136         1           0           
137         1           0           
138         1           0           
139         3           1           
140         1           0           
141         1           0           
142         1           0           
143         1           0           
144         1           0           
145         1           0           
146         1           0           
147         1           0           
148         3           1           
149         1           0           
150         1           0           
151         3           1           
152         1           0           
153         1           0           
154         1           0           
155         1           0           
156         3           1           
157         1           0           
158         5           2           
159         3           1           
160         3           1           
161         1           0           
162         1           0           
163         1           0           
164         5           2           
165         11          5           
166         1           0           
167         13          6           
168         29          14          
169         7           3           
170         5           2           
171         1           0           
172         1           0           
173         3           1           
174         1           0           
175         3           1           
176         21          10          
177         3           1           
178         1           0           
179         15          7           
180         7           3           
181         1           0           
182         1           0           
183         27          13          
184         19          9           
185         1           0           
186         1           0           
187         1           0           
188         1           0           
189         7           3           
190         3           1           
191         3           1           
192         1           0           
193         5           2           
194         3           1           
195         3           1           
196         1           0           
197         1           0           
198         1           0           
199         1           0           
200         1           0           
201         3           1           
202         1           0           
203         1           0           
204         3           1           
205         1           0           
206         1           0           
207         1           0           
208         1           0           
209         65          32          
210         3           1           
211         3           1           
212         1           0           
213         1           0           
214         1           0           
215         1           0           
216         1           0           
217         1           0           
218         1           0           
219         1           0           
220         1           0           
221         1           0           
222         3           1           
223         3           1           
224         3           1           
225         1           0           
226         1           0           
227         1           0           
228         1           0           
229         1           0           
230         7           3           
231         1           0           
232         1           0           
233         1           0           
234         1           0           
235         1           0           
236         1           0           
237         1           0           
238         1           0           
239         1           0           
240         1           0           
241         1           0           
242         1           0           
243         1           0           
244         1           0           
245         1           0           
246         9           4           
247         1           0           
248         1           0           
249         1           0           
250         3           1           
251         5           2           
252         1           0           
253         1           0           
254         1           0           
255         5           2           
256         1           0           
257         3           1           
258         7           3           
259         9           4           
260         1           0           
261         1           0           
262         1           0           
263         1           0           
264         1           0           
265         1           0           
266         1           0           
267         1           0           
268         1           0           
269         1           0           
270         1           0           
271         1           0           
272         1           0           
273         1           0           
274         1           0           
275         1           0           
276         1           0           
277         1           0           
278         3           1           
279         1           0           
280         1           0           
281         1           0           
282         1           0           
283         3           1           
284         1           0           
285         1           0           
286         1           0           
287         1           0           
288         3           1           
289         1           0           
290         7           3           
291         1           0           
292         5           2           
293         1           0           
294         3           1           
295         1           0           
296         3           1           
297         5           2           
298         1           0           
299         3           1           
300         1           0           
301         3           1           
302         1           0           
303         5           2           
304         1           0           
305         3           1           
306         1           0           
307         1           0           
308         1           0           
309         3           1           
310         1           0           
311         1           0           
312         1           0           
313         1           0           
314         1           0           
315         1           0           
316         1           0           
317         1           0           
318         1           0           
319         1           0           
320         1           0           
321         1           0           
322         1           0           
323         1           0           
324         1           0           
325         3           1           
326         1           0           
327         1           0           
328         1           0           
329         1           0           
330         1           0           
331         1           0           
332         1           0           
333         1           0           
334         1           0           
335         1           0           
336         1           0           
337         1           0           
338         1           0           
339         1           0           
340         1           0           
341         3           1           
342         1           0           
343         13          6           
344         1           0           
345         1           0           
346         1           0           
347         3           1           
348         3           1           
349         3           1           
350         9           4           
351         3           1           
352         1           0           
353         1           0           
354         1           0           
355         1           0           
356         3           1           
357         1           0           
358         7           3           
359         1           0           
360         3           1           
361         7           3           
362         3           1           
363         3           1           
364         1           0           
365         3           1           
366         3           1           
367         7           3           
368         1           0           
369         1           0           
370         1           0           
371         1           0           
372         1           0           
373         1           0           
374         1           0           
375         1           0           
376         1           0           
377         1           0           
378         1           0           
379         3           1           
380         1           0           
381         1           0           
382         1           0           
383         1           0           
384         1           0           
385         1           0           
386         1           0           
387         1           0           
388         1           0           
389         1           0           
390         1           0           
391         1           0           
392         1           0           
393         1           0           
394         1           0           
395         1           0           
396         1           0           
397         1           0           
398         1           0           
399         1           0           
400         1           0           
401         1           0           
402         1           0           
403         1           0           
404         1           0           
405         1           0           
406         1           0           
407         1           0           
408         1           0           
409         3           1           
410         1           0           
411         1           0           
412         1           0           
413         1           0           
414         1           0           
415         1           0           
416         1           0           
417         1           0           
418         1           0           
419         1           0           
420         1           0           
421         1           0           
422         1           0           
423         1           0           
424         1           0           
425         1           0           
426         1           0           
427         1           0           
428         3           1           
429         1           0           
430         1           0           
431         5           2           
432         3           1           
433         1           0           
434         1           0           
435         5           2           
436         1           0           
437         5           2           
438         1           0           
439         1           0           
440         1           0           
441         5           2           
442         1           0           
443         5           2           
444         9           4           
445         1           0           
446         3           1           
447         5           2           
448         1           0           
449         11          5           
450         19          9           
451         1           0           
452         1           0           
453         1           0           
454         1           0           
455         1           0           
456         1           0           
457         1           0           
458         1           0           
459         1           0           
460         1           0           
461         1           0           
462         1           0           
463         1           0           
464         1           0           
465         1           0           
466         1           0           
467         1           0           
468         1           0           
469         1           0           
470         1           0           
471         1           0           
472         1           0           
473         1           0           
474         1           0           
475         1           0           
476         1           0           
477         1           0           
478         1           0           
479         1           0           
481         1           0           
482         1           0           
483         1           0           
484         1           0           
485         1           0           
486         1           0           
487         1           0           
488         1           0           
489         1           0           
490         1           0           
491         1           0           
492         1           0           
493         1           0           
494         1           0           
495         1           0           
496         1           0           
497         1           0           
498         1           0           
499         1           0           
500         1           0           
501         1           0           
502         1           0           
503         1           0           
504         1           0           
505         1           0           
506         1           0           
507         1           0           
508         1           0           
509         1           0           
510         1           0           
511         1           0           
512         1           0           
513         1           0           
514         1           0           
515         1           0           
516         1           0           
517         1           0           
518         1           0           
519         1           0           
520         1           0           
521         1           0           
522         1           0           
523         1           0           
524         1           0           
525         1           0           
526         1           0           
527         1           0           
528         1           0           
529         1           0           
530         1           0           
